60051
9050
16203
45377
12775
41591
58500
17003
65504
25208
28594
14820
24391
104
37803
62386
51480
14440
7605
28363
26677
32067
24685
30188
24507
8067
63629
5234
59043
52772
48041
18270
11617
2050
9041
8706
17957
23675
51990
19837
15319
49163
3537
49171
18360
26307
39162
18409
40833
30480
823
29249
44685
60223
24824
65249
4571
21479
13811
23883
20857
6463
28712
14595
55145
53590
47037
20949
58845
17869
59885
24176
31102
39164
7101
33275
55843
26818
50712
37331
45481
57558
30742
36419
32559
63406
34915
61901
8621
58305
7019
58530
37203
35853
33876
42942
6217
59836
37411
17074
60075
8874
64511
25350
45133
30926
34419
35379
51699
59959
2896
57880
3245
46027
40316
64894
41529
34684
7358
13589
20881
41065
45832
26522
55546
28061
38816
30647
16282
2638
48296
43500
12689
26961
37760
56005
989
64793
11340
42980
58885
50723
40734
63335
58434
23435
57740
36607
38552
34048
5388
37114
60744
60995
38972
2055
19128
62388
2824
7244
43884
24773
18957
62582
46866
38165
42120
40287
18340
1981
10312
63825
56835
45573
29717
44824
5039
63406
43496
16110
59560
7053
41576
53878
45099
59254
43431
31609
51247
40609
50549
30007
31677
38514
46778
37924
51271
27245
44229
31247
59310
61971
35415
57175
48321
12849
60366
28368
41928
824
2879
22618
56777
9220
38455
1824
20584
49052
26588
58170
46904
58894
29992
58544
35574
14381
38597
5610
51453
44041
63515
12287
46679
16673
64676
55788
38803
7963
18127
1822
54763
40208
3539
40946
62715
16999
9549
21003
12088
59506
33072
52559
15289
46803
52774
7819
11109
65351
4352
33062
3791
49377
33367
16295
7942
23242
54751
52645
62121
15280
20853
36646
13298
61807
65286
1996
48249
13418
34840
55724
44573
30606
2686
56956
26243
16836
17825
12382
10674
31612
42751
32728
20798
52043
62933
5424
15845
48129
6275
12855
23143
23716
52705
47418
9524
17489
20450
27688
31826
53511
63434
20154
43290
19724
58617
42310
55590
39818
51808
17057
37985
40422
51751
53228
11982
45320
18215
3030
23711
12282
57129
43511
45507
41157
6876
8320
34943
7402
32935
55596
13827
14605
34948
35855
38381
31557
53486
5620
24273
44397
64044
37586
51270
42222
48560
32119
18204
37978
28102
51787
21524
34911
46535
33373
46492
14926
38856
3988
54028
4628
39245
55726
30993
47283
24702
53132
51274
28543
44434
12176
64042
63276
21560
9877
16897
59709
17850
26108
27129
15891
47542
30743
21273
22140
24580
40329
13587
18743
17797
16427
13439
47044
44823
20206
36003
55853
52276
3067
23316
23453
26061
18926
59430
41422
59533
47061
46199
2994
41803
33965
23434
63659
17971
19454
35374
9592
35962
17599
32488
18055
9309
5042
16351
11645
63256
20831
28188
10553
44941
54255
16023
24787
2560
36006
6116
25458
1137
23018
58446
1102
23908
34732
44375
23629
2394
62299
15417
46467
62725
25582
33746
32938
52974
50418
39311
52671
58812
39525
9397
10165
54277
23974
60354
64345
38612
3870
38795
46113
23507
22455
51301
37419
22275
11855
11376
35820
211
21128
46146
47113
27660
44594
11738
10428
53781
4785
10825
32377
56151
63255
59928
62255
37851
8175
15458
12060
59648
8581
30237
54179
12214
51920
28496
35949
45616
61536
25727
25431
64379
7744
41002
36066
22217
11090
27829
28900
16851
58198
22296
8831
56746
17410
42999
7032
25143
34822
59484
62829
24084
16093
39510
8270
61849
27542
10704
37939
8
28256
47079
5700
32784
52732
20582
32904
5270
44612
30493
15260
2878
24970
48722
44023
56942
29164
19115
10804
45139
18557
10213
27577
41541
10227
3717
16088
58337
6751
31310
42887
15815
10954
36058
49260
20695
26458
23739
2885
54068
46259
49450
56331
33638
4567
63889
20430
3811
5013
26825
23407
44971
49430
64190
17206
11060
42858
16741
37676
14148
41366
18773
5460
7886
3153
3959
26258
3144
41597
11764
37224
20504
12153
10161
26452
45891
24912
58542
23081
49233
62583
49086
1838
28961
65451
37996
61848
57275
32441
48119
35384
9524
12507
57098
21079
9138
10536
2274
59551
27323
59246
60577
9334
1714
46120
53400
5862
57498
11564
59837
9177
20891
14475
1386
15359
57642
55824
28023
8896
27828
64557
52318
13507
34630
4393
8619
12048
65091
23360
19292
25772
39180
42113
21708
50522
19384
38793
16435
15314
54251
50031
53762
43208
43457
34058
36538
2701
8437
41199
31131
60273
50885
47594
42422
45884
27551
4594
39172
61107
49816
7563
13154
35611
12363
32180
61110
42906
54643
28958
9118
17179
23385
56454
39918
16241
49011
45616
19261
561
48282
60338
781
15616
22825
1520
29938
62093
9819
12105
46826
48924
25880
12860
48578
25506
19040
54545
11409
62856
12549
34725
20503
19207
35477
3567
54811
61775
44432
34298
38344
24199
15937
64863
43690
6664
24956
29468
60080
14829
24570
61691
58553
4544
1410
37390
45751
867
13244
11284
60730
38260
42163
42648
30550
51570
14281
13779
65346
62542
54460
63470
23045
26106
40523
17021
3386
3098
63618
4903
47643
2482
41162
699
54726
21920
34555
9344
26117
46074
14844
56840
58351
28636
65331
56498
4330
49952
13695
24497
27448
50495
35295
32216
3860
31069
4220
26613
36261
23151
18418
55725
36027
52004
55629
34105
40675
37433
62741
49436
35855
2963
6040
45932
25872
46753
54258
41838
63634
5136
51598
41465
11494
25417
53686
57742
1828
21621
44586
35572
50223
33181
27970
43050
60251
53580
26534
38990
4815
25466
13786
63926
41973
30198
31882
52818
6100
44344
42079
61324
16789
18637
57601
29874
34115
11355
43357
8115
37900
65429
32096
460
4784
27716
35183
33536
39895
10954
6661
40471
58298
54959
35031
11694
30378
44702
13306
28616
3331
29148
30264
43665
48926
35006
33028
281
22353
55968
23506
53110
32994
61990
21772
15834
56785
60612
32199
28535
62462
50340
44558
46875
2485
43131
21284
26166
11025
43980
26344
5679
47796
18367
22222
5447
49559
4477
62668
59975
8468
8941
25737
37720
24733
58944
7721
18018
60226
63471
54707
31424
41323
24089
19777
63340
60979
25540
47214
31628
28438
31378
31699
29865
23810
57916
19284
37701
35072
49955
14467
3790
63883
29750
24302
4843
12709
56633
61927
19574
25849
8376
23938
27125
26203
52595
34410
54472
56449
57769
33028
838
13770
35821
4967
50033
